#!/usr/bin/env python

from ROOT import TMVA, TFile, TTree, TCut
from subprocess import call
from os.path import isfile
import sys
import os
os.environ['TF_CPP_MIN_LOG_LEVEL']='2'

import numpy as np
import keras
import h5py

from keras.models import Sequential
from keras.layers import Dense, Activation, Conv2D, MaxPooling2D, Flatten, Dropout
from keras.regularizers import l2
from keras.optimizers import SGD, Adam
from keras.callbacks import ModelCheckpoint

##### FUNCTIONS

def getKerasModel(inputDim, modelName, nLayers = 3, layerSize = 200, dropValue = 0.2, optLabel = 'adam'):
    model = Sequential()
    model.add(Dense(layerSize, activation='relu', kernel_initializer='normal', input_dim=inputDim))
    if dropValue != 0:
            model.add(Dropout(dropValue))

    for i in range(1, nLayers):
        model.add(Dense(layerSize, activation='relu', kernel_initializer='normal'))
        if dropValue != 0:
            model.add(Dropout(dropValue))

    model.add(Dense(2, activation='softmax'))

    opt = Adam(lr=0.001)
    if optLabel == 'sgd':
        opt = SGD(lr=0.01, decay=1e-6, momentum=0.9, nesterov=True)

    model.compile(loss='categorical_crossentropy', optimizer=opt, metrics=['accuracy'])
    model.save(modelName)
    model.summary()
    return

##### MAIN

# Setup TMVA
TMVA.Tools.Instance()
TMVA.PyMethodBase.PyInitialize()

nLayers = sys.argv[1]
layerSize = sys.argv[2]
dropValue = sys.argv[3]

nLayers = int(nLayers)
layerSize = int(layerSize)
dropValue = float(dropValue)

isoflag = 'wIso'

if isoflag != 'wIso' and isoflag != 'woIso':
    print 'Invalid argument isoflag'
    sys.exit()


outputName = 'TMVAMuonID.root'
output = TFile.Open(outputName, 'RECREATE')

# Factory
factory = TMVA.Factory('TMVAClassification', output,
                       '!V:!Silent:Color:DrawProgressBar:AnalysisType=Classification')

# Load data
#2017
dataBs17 = TFile.Open('bankBsJpsiPhi17.root')
dataBsD017 = TFile.Open('bankBsJpsiPhiDG017.root')
dataBu17 = TFile.Open('bankBuJpsiK17.root')
dataBd17 = TFile.Open('bankBdJpsiKx17.root')

treeBs17 = dataBs17.Get('PDsecondTree')
treeBsD017 = dataBsD017.Get('PDsecondTree')
treeBu17 = dataBu17.Get('PDsecondTree')
treeBd17 = dataBd17.Get('PDsecondTree')

#2018
dataBs18 = TFile.Open('bankBsJpsiPhi18.root')
dataBsD018 = TFile.Open('bankBsJpsiPhiDG018.root')
dataBu18 = TFile.Open('bankBuJpsiK18.root')
dataBd18 = TFile.Open('bankBdJpsiKx18.root')

treeBs18 = dataBs18.Get('PDsecondTree')
treeBsD018 = dataBsD018.Get('PDsecondTree')
treeBu18 = dataBu18.Get('PDsecondTree')
treeBd18 = dataBd18.Get('PDsecondTree')

dataloader = TMVA.DataLoader('dataset')

# add variables
varList = [
    ('muoPt', 'F')
    ,('muoEta', 'F')
    ,('muoSegmComp', 'F')
    ,('muoChi2LM', 'F')
    ,('muoChi2LP', 'F')
    ,('muoGlbTrackTailProb', 'F')
    ,('muoIValFrac', 'F')
    ,('muoLWH', 'I')
    ,('muoTrkKink', 'F')
    ,('muoGlbKinkFinderLOG', 'F')
    ,('muoTimeAtIpInOutErr', 'F')
    ,('muoOuterChi2', 'F')
    ,('muoInnerChi2', 'F')
    ,('muoTrkRelChi2', 'F')
    ,('muoVMuonHitComb', 'I')
    ,('muoGlbDeltaEtaPhi', 'F')
    ,('muoStaRelChi2', 'F')
    ,('muoTimeAtIpInOut', 'F')
    ,('muoValPixHits', 'I')
    ,('muoNTrkVHits', 'I')
    ,('muoGNchi2', 'F')
    ,('muoVMuHits', 'I')
    ,('muoNumMatches', 'F')
    ,('muoQprod', 'I')
    ]

if isoflag == 'wIso':
    varList.append(('muoPFiso', 'F'))

nVars = 0
for var in varList:
    dataloader.AddVariable( var[0], var[1] )
    nVars += 1

dataloader.AddSpectator( 'muoEvt', 'I' )

# prepare dataloader

mycutgen = '1'
#mycutgen = '&&(muoEvt%10)<8'

mycuts = mycutgen + '&&abs(muoLund)==13&&muoAncestor>=0'
mycutb = mycutgen + '&&abs(muoLund)!=13'

sgnW = 0.1
bkgW = 1.0

dataloader.AddSignalTree(treeBs17, sgnW)
dataloader.AddSignalTree(treeBsD017, sgnW)
dataloader.AddSignalTree(treeBu17, sgnW)
dataloader.AddSignalTree(treeBd17, sgnW)

dataloader.AddBackgroundTree(treeBs17, bkgW)
dataloader.AddBackgroundTree(treeBsD017, bkgW)
dataloader.AddBackgroundTree(treeBu17, bkgW)
dataloader.AddBackgroundTree(treeBd17, bkgW)

dataloader.AddSignalTree(treeBs18, sgnW)
dataloader.AddSignalTree(treeBsD018, sgnW)
dataloader.AddSignalTree(treeBu18, sgnW)
dataloader.AddSignalTree(treeBd18, sgnW)

dataloader.AddBackgroundTree(treeBs18, bkgW)
dataloader.AddBackgroundTree(treeBsD018, bkgW)
dataloader.AddBackgroundTree(treeBu18, bkgW)
dataloader.AddBackgroundTree(treeBd18, bkgW)

##### 2017
# Sgn = 2577094
# Bkg =  162201
#
##### 2018
# Sgn = 4049212
# Bkg =  289772
#
##### Tot
# Sgn = 6626306
# Bkg =  451973

# Tr:Va:Te 50%:25%:25%
nBkg = '338980'
nSgn = '4969730'
nBkgTest = '0'
nSgnTest = '0'


dataloaderOpt = 'nTrain_Signal=' + nSgn + ':nTrain_Background=' + nBkg + ':nTest_Signal=' + nSgnTest + ':nTest_Background=' + nBkgTest
dataloaderOpt += ':SplitMode=Random:NormMode=EqualNumEvents:!V'

dataloader.PrepareTrainingAndTestTree(TCut(mycuts), TCut(mycutb), dataloaderOpt)

# Define model
modelName = 'modelMuonID'
if isoflag == 'woIso':
    modelName += isoflag

modelName += '.h5'

getKerasModel(nVars, modelName, nLayers, layerSize, dropValue)

# Book methods
dnnOptions = '!H:!V:FilenameModel=' + modelName + ':NumEpochs=40:TriesEarlyStopping=10:BatchSize=1024:ValidationSize=33%:Tensorboard=./logs'

iVar = 0
preprocessingOptions = ':VarTransform=N'
preprocessingOptions += ',G('
for var in varList:
    if var[0] == 'muoQprod':
        iVar += 1
        continue
    preprocessingOptions += '_V' + str(iVar) + '_' + ','
    iVar += 1
preprocessingOptions = preprocessingOptions[:-1]
preprocessingOptions +=  '),N'

dnnName = 'DNNMuonID'
if isoflag == 'woIso':
    dnnName += isoflag

factory.BookMethod(dataloader, TMVA.Types.kPyKeras, dnnName, dnnOptions + preprocessingOptions)


# Run training, test and evaluation
factory.TrainAllMethods()
factory.TestAllMethods()
factory.EvaluateAllMethods()

#TMVA.TMVAGui("TMVA_keras.root")





# DataSetInfo              : [dataset] : Added class "Signal"
#                          : Add Tree PDsecondTree of type Signal with 1479924 events
#                          : Add Tree PDsecondTree of type Signal with 20302 events
#                          : Add Tree PDsecondTree of type Signal with 387746 events
#                          : Add Tree PDsecondTree of type Signal with 1007016 events
# DataSetInfo              : [dataset] : Added class "Background"
#                          : Add Tree PDsecondTree of type Background with 1479924 events
#                          : Add Tree PDsecondTree of type Background with 20302 events
#                          : Add Tree PDsecondTree of type Background with 387746 events
#                          : Add Tree PDsecondTree of type Background with 1007016 events
#                          : Add Tree PDsecondTree of type Signal with 1057895 events
#                          : Add Tree PDsecondTree of type Signal with 2316472 events
#                          : Add Tree PDsecondTree of type Signal with 389846 events
#                          : Add Tree PDsecondTree of type Signal with 820482 events
#                          : Add Tree PDsecondTree of type Background with 1057895 events
#                          : Add Tree PDsecondTree of type Background with 2316472 events
#                          : Add Tree PDsecondTree of type Background with 389846 events
#                          : Add Tree PDsecondTree of type Background with 820482 events
# WARNING:tensorflow:From /home/alberto/.local/lib/python2.7/site-packages/tensorflow/python/framework/op_def_library.py:263: colocate_with (from tensorflow.python.framework.ops) is deprecated and will be removed in a future version.
# Instructions for updating:
# Colocations handled automatically by placer.
# WARNING:tensorflow:From /usr/local/lib/python2.7/dist-packages/keras/backend/tensorflow_backend.py:3135: calling dropout (from tensorflow.python.ops.nn_ops) with keep_prob is deprecated and will be removed in a future version.
# Instructions for updating:
# Please use `rate` instead of `keep_prob`. Rate should be set to `rate = 1 - keep_prob`.
# _________________________________________________________________
# Layer (type)                 Output Shape              Param #   
# =================================================================
# dense_1 (Dense)              (None, 200)               5200      
# _________________________________________________________________
# dropout_1 (Dropout)          (None, 200)               0         
# _________________________________________________________________
# dense_2 (Dense)              (None, 200)               40200     
# _________________________________________________________________
# dropout_2 (Dropout)          (None, 200)               0         
# _________________________________________________________________
# dense_3 (Dense)              (None, 2)                 402       
# =================================================================
# Total params: 45,802
# Trainable params: 45,802
# Non-trainable params: 0
# _________________________________________________________________
# Factory                  : Booking method: DNNMuonID
#                          : 
# DNNMuonID                : [dataset] : Create Transformation "N" with events from all classes.
#                          : 
#                          : Transformation, Variable selection : 
#                          : Input : variable 'muoPt' <---> Output : variable 'muoPt'
#                          : Input : variable 'muoEta' <---> Output : variable 'muoEta'
#                          : Input : variable 'muoSegmComp' <---> Output : variable 'muoSegmComp'
#                          : Input : variable 'muoChi2LM' <---> Output : variable 'muoChi2LM'
#                          : Input : variable 'muoChi2LP' <---> Output : variable 'muoChi2LP'
#                          : Input : variable 'muoGlbTrackTailProb' <---> Output : variable 'muoGlbTrackTailProb'
#                          : Input : variable 'muoIValFrac' <---> Output : variable 'muoIValFrac'
#                          : Input : variable 'muoLWH' <---> Output : variable 'muoLWH'
#                          : Input : variable 'muoTrkKink' <---> Output : variable 'muoTrkKink'
#                          : Input : variable 'muoGlbKinkFinderLOG' <---> Output : variable 'muoGlbKinkFinderLOG'
#                          : Input : variable 'muoTimeAtIpInOutErr' <---> Output : variable 'muoTimeAtIpInOutErr'
#                          : Input : variable 'muoOuterChi2' <---> Output : variable 'muoOuterChi2'
#                          : Input : variable 'muoInnerChi2' <---> Output : variable 'muoInnerChi2'
#                          : Input : variable 'muoTrkRelChi2' <---> Output : variable 'muoTrkRelChi2'
#                          : Input : variable 'muoVMuonHitComb' <---> Output : variable 'muoVMuonHitComb'
#                          : Input : variable 'muoGlbDeltaEtaPhi' <---> Output : variable 'muoGlbDeltaEtaPhi'
#                          : Input : variable 'muoStaRelChi2' <---> Output : variable 'muoStaRelChi2'
#                          : Input : variable 'muoTimeAtIpInOut' <---> Output : variable 'muoTimeAtIpInOut'
#                          : Input : variable 'muoValPixHits' <---> Output : variable 'muoValPixHits'
#                          : Input : variable 'muoNTrkVHits' <---> Output : variable 'muoNTrkVHits'
#                          : Input : variable 'muoGNchi2' <---> Output : variable 'muoGNchi2'
#                          : Input : variable 'muoVMuHits' <---> Output : variable 'muoVMuHits'
#                          : Input : variable 'muoNumMatches' <---> Output : variable 'muoNumMatches'
#                          : Input : variable 'muoQprod' <---> Output : variable 'muoQprod'
#                          : Input : variable 'muoPFiso' <---> Output : variable 'muoPFiso'
# DNNMuonID                : [dataset] : Create Transformation "G" with events from all classes.
#                          : 
#                          : Transformation, Variable selection : 
#                          : Input : variable 'muoPt' <---> Output : variable 'muoPt'
#                          : Input : variable 'muoEta' <---> Output : variable 'muoEta'
#                          : Input : variable 'muoSegmComp' <---> Output : variable 'muoSegmComp'
#                          : Input : variable 'muoChi2LM' <---> Output : variable 'muoChi2LM'
#                          : Input : variable 'muoChi2LP' <---> Output : variable 'muoChi2LP'
#                          : Input : variable 'muoGlbTrackTailProb' <---> Output : variable 'muoGlbTrackTailProb'
#                          : Input : variable 'muoIValFrac' <---> Output : variable 'muoIValFrac'
#                          : Input : variable 'muoLWH' <---> Output : variable 'muoLWH'
#                          : Input : variable 'muoTrkKink' <---> Output : variable 'muoTrkKink'
#                          : Input : variable 'muoGlbKinkFinderLOG' <---> Output : variable 'muoGlbKinkFinderLOG'
#                          : Input : variable 'muoTimeAtIpInOutErr' <---> Output : variable 'muoTimeAtIpInOutErr'
#                          : Input : variable 'muoOuterChi2' <---> Output : variable 'muoOuterChi2'
#                          : Input : variable 'muoInnerChi2' <---> Output : variable 'muoInnerChi2'
#                          : Input : variable 'muoTrkRelChi2' <---> Output : variable 'muoTrkRelChi2'
#                          : Input : variable 'muoVMuonHitComb' <---> Output : variable 'muoVMuonHitComb'
#                          : Input : variable 'muoGlbDeltaEtaPhi' <---> Output : variable 'muoGlbDeltaEtaPhi'
#                          : Input : variable 'muoStaRelChi2' <---> Output : variable 'muoStaRelChi2'
#                          : Input : variable 'muoTimeAtIpInOut' <---> Output : variable 'muoTimeAtIpInOut'
#                          : Input : variable 'muoValPixHits' <---> Output : variable 'muoValPixHits'
#                          : Input : variable 'muoNTrkVHits' <---> Output : variable 'muoNTrkVHits'
#                          : Input : variable 'muoGNchi2' <---> Output : variable 'muoGNchi2'
#                          : Input : variable 'muoVMuHits' <---> Output : variable 'muoVMuHits'
#                          : Input : variable 'muoNumMatches' <---> Output : variable 'muoNumMatches'
#                          : Input : variable 'muoPFiso' <---> Output : variable 'muoPFiso'
# DNNMuonID                : [dataset] : Create Transformation "N" with events from all classes.
#                          : 
#                          : Transformation, Variable selection : 
#                          : Input : variable 'muoPt' <---> Output : variable 'muoPt'
#                          : Input : variable 'muoEta' <---> Output : variable 'muoEta'
#                          : Input : variable 'muoSegmComp' <---> Output : variable 'muoSegmComp'
#                          : Input : variable 'muoChi2LM' <---> Output : variable 'muoChi2LM'
#                          : Input : variable 'muoChi2LP' <---> Output : variable 'muoChi2LP'
#                          : Input : variable 'muoGlbTrackTailProb' <---> Output : variable 'muoGlbTrackTailProb'
#                          : Input : variable 'muoIValFrac' <---> Output : variable 'muoIValFrac'
#                          : Input : variable 'muoLWH' <---> Output : variable 'muoLWH'
#                          : Input : variable 'muoTrkKink' <---> Output : variable 'muoTrkKink'
#                          : Input : variable 'muoGlbKinkFinderLOG' <---> Output : variable 'muoGlbKinkFinderLOG'
#                          : Input : variable 'muoTimeAtIpInOutErr' <---> Output : variable 'muoTimeAtIpInOutErr'
#                          : Input : variable 'muoOuterChi2' <---> Output : variable 'muoOuterChi2'
#                          : Input : variable 'muoInnerChi2' <---> Output : variable 'muoInnerChi2'
#                          : Input : variable 'muoTrkRelChi2' <---> Output : variable 'muoTrkRelChi2'
#                          : Input : variable 'muoVMuonHitComb' <---> Output : variable 'muoVMuonHitComb'
#                          : Input : variable 'muoGlbDeltaEtaPhi' <---> Output : variable 'muoGlbDeltaEtaPhi'
#                          : Input : variable 'muoStaRelChi2' <---> Output : variable 'muoStaRelChi2'
#                          : Input : variable 'muoTimeAtIpInOut' <---> Output : variable 'muoTimeAtIpInOut'
#                          : Input : variable 'muoValPixHits' <---> Output : variable 'muoValPixHits'
#                          : Input : variable 'muoNTrkVHits' <---> Output : variable 'muoNTrkVHits'
#                          : Input : variable 'muoGNchi2' <---> Output : variable 'muoGNchi2'
#                          : Input : variable 'muoVMuHits' <---> Output : variable 'muoVMuHits'
#                          : Input : variable 'muoNumMatches' <---> Output : variable 'muoNumMatches'
#                          : Input : variable 'muoQprod' <---> Output : variable 'muoQprod'
#                          : Input : variable 'muoPFiso' <---> Output : variable 'muoPFiso'
#                          : Load model from file: modelMuonID.h5
# Factory                  : Train all methods
# DataSetFactory           : [dataset] : Number of events in input trees
#                          : Dataset[dataset] :     Signal     requirement: "1&&abs(muoLund)==13&&muoAncestor>=0"
#                          : Dataset[dataset] :     Signal          -- number of events passed: 6626306  / sum of weights: 666225
#                          : Dataset[dataset] :     Signal          -- efficiency             : 0.84216
#                          : Dataset[dataset] :     Background requirement: "1&&abs(muoLund)!=13"
#                          : Dataset[dataset] :     Background      -- number of events passed: 451924  / sum of weights: 451924
#                          : Dataset[dataset] :     Background      -- efficiency             : 0.0592669
#                          : Dataset[dataset] :  you have opted for interpreting the requested number of training/testing events
#                          :  to be the number of events AFTER your preselection cuts
#                          : 
#                          : Dataset[dataset] :  you have opted for interpreting the requested number of training/testing events
#                          :  to be the number of events AFTER your preselection cuts
#                          : 
#                          : Dataset[dataset] : Weight renormalisation mode: "EqualNumEvents": renormalises all event classes ...
#                          : Dataset[dataset] :  such that the effective (weighted) number of events in each class is the same 
#                          : Dataset[dataset] :  (and equals the number of events (entries) given for class=0 )
#                          : Dataset[dataset] : ... i.e. such that Sum[i=1..N_j]{w_i} = N_classA, j=classA, classB, ...
#                          : Dataset[dataset] : ... (note that N_j is the sum of TRAINING events
#                          : Dataset[dataset] :  ..... Testing events are not renormalised nor included in the renormalisation factor!)
#                          : Number of training and testing events
#                          : ---------------------------------------------------------------------------
#                          : Signal     -- training events            : 4969730
#                          : Signal     -- testing events             : 1656576
#                          : Signal     -- training and testing events: 6626306
#                          : Dataset[dataset] : Signal     -- due to the preselection a scaling factor has been applied to the numbers of requested events: 0.868997
#                          : Background -- training events            : 338980
#                          : Background -- testing events             : 112944
#                          : Background -- training and testing events: 451924
#                          : Dataset[dataset] : Background -- due to the preselection a scaling factor has been applied to the numbers of requested events: 0.0592669
#                          : 
# DataSetInfo              : Correlation matrix (Signal):
#                          : --------------------------------------------------------------------------------------------------------------------------------------------------------------------------------------------------------------------------------------------------------------------------------------------------------------------------------------------------------
#                          :                        muoPt  muoEta muoSegmComp muoChi2LM muoChi2LP muoGlbTrackTailProb muoIValFrac  muoLWH muoTrkKink muoGlbKinkFinderLOG muoTimeAtIpInOutErr muoOuterChi2 muoInnerChi2 muoTrkRelChi2 muoVMuonHitComb muoGlbDeltaEtaPhi muoStaRelChi2 muoTimeAtIpInOut muoValPixHits muoNTrkVHits muoGNchi2 muoVMuHits muoNumMatches muoQprod muoPFiso
#                          :               muoPt:  +1.000  -0.001      +0.107    -0.034    +0.031              -0.002      -0.017  -0.125     -0.040              -0.246              -0.185       -0.084       +0.041        -0.031          +0.146            -0.314        +0.010           +0.018        -0.137       -0.159    -0.002     +0.276        +0.116   +0.057   -0.041
#                          :              muoEta:  -0.001  +1.000      +0.019    -0.001    -0.000              +0.001      -0.003  -0.006     -0.003              -0.001              -0.008       +0.001       +0.001        +0.005          +0.015            -0.003        +0.000           -0.002        -0.043       +0.000    +0.001     +0.011        +0.021   +0.002   +0.001
#                          :         muoSegmComp:  +0.107  +0.019      +1.000    -0.078    -0.120              -0.004      +0.021  +0.056     +0.001              -0.056              -0.028       -0.073       -0.009        +0.109          +0.345            -0.354        -0.003           +0.038        +0.091       +0.077    -0.002     +0.236        +0.708   +0.068   -0.031
#                          :           muoChi2LM:  -0.034  -0.001      -0.078    +1.000    +0.309              +0.097      -0.004  -0.051     -0.002              -0.073              +0.048       +0.209       +0.001        -0.017          -0.284            +0.210        +0.036           +0.015        -0.028       -0.049    +0.002     -0.248        -0.096   -0.368   +0.014
#                          :           muoChi2LP:  +0.031  -0.000      -0.120    +0.309    +1.000              +0.104      -0.010  -0.025     -0.002              +0.023              -0.016       +0.042       +0.005        -0.023          -0.073            +0.290        +0.029           +0.001        -0.031       -0.033    +0.001     -0.044        -0.074   -0.041   +0.009
#                          : muoGlbTrackTailProb:  -0.002  +0.001      -0.004    +0.097    +0.104              +1.000      -0.000  +0.006     +0.040              +0.045              +0.010       -0.002       +0.042        +0.035          +0.000            +0.022        +0.485           +0.004        +0.011       +0.011    +0.003     -0.001        +0.003   -0.016   +0.003
#                          :         muoIValFrac:  -0.017  -0.003      +0.021    -0.004    -0.010              -0.000      +1.000  +0.280     -0.004              -0.003              +0.039       -0.006       -0.030        +0.037          +0.021            -0.026        +0.001           +0.010        +0.194       +0.252    -0.003     -0.025        +0.047   -0.005   -0.013
#                          :              muoLWH:  -0.125  -0.006      +0.056    -0.051    -0.025              +0.006      +0.280  +1.000     +0.079              +0.014              +0.104       +0.005       -0.041        +0.320          +0.041            -0.108        -0.001           +0.038        +0.516       +0.865    -0.002     -0.116        +0.121   +0.059   -0.008
#                          :          muoTrkKink:  -0.040  -0.003      +0.001    -0.002    -0.002              +0.040      -0.004  +0.079     +1.000              +0.018              +0.038       +0.002       +0.683        +0.336          +0.006            -0.001        +0.000           +0.009        +0.068       +0.098    -0.000     -0.035        +0.018   -0.003   +0.002
#                          : muoGlbKinkFinderLOG:  -0.246  -0.001      -0.056    -0.073    +0.023              +0.045      -0.003  +0.014     +0.018              +1.000              +0.297       -0.268       +0.012        +0.022          +0.345            +0.061        +0.018           -0.001        +0.013       +0.013    +0.001     +0.255        +0.079   +0.075   +0.015
#                          : muoTimeAtIpInOutErr:  -0.185  -0.008      -0.028    +0.048    -0.016              +0.010      +0.039  +0.104     +0.038              +0.297              +1.000       -0.255       -0.028        +0.279          +0.024            -0.002        +0.022           +0.065        +0.197       +0.188    +0.001     -0.330        +0.073   -0.077   -0.015
#                          :        muoOuterChi2:  -0.084  +0.001      -0.073    +0.209    +0.042              -0.002      -0.006  +0.005     +0.002              -0.268              -0.255       +1.000       -0.005        -0.014          -0.345            +0.216        -0.009           +0.014        -0.024       -0.003    -0.000     -0.283        -0.153   -0.191   +0.017
#                          :        muoInnerChi2:  +0.041  +0.001      -0.009    +0.001    +0.005              +0.042      -0.030  -0.041     +0.683              +0.012              -0.028       -0.005       +1.000        +0.422          -0.001            +0.004        -0.000           -0.005        -0.048       -0.033    +0.000     +0.030        -0.019   +0.003   +0.006
#                          :       muoTrkRelChi2:  -0.031  +0.005      +0.109    -0.017    -0.023              +0.035      +0.037  +0.320     +0.336              +0.022              +0.279       -0.014       +0.422        +1.000          +0.169            -0.161        +0.006           +0.086        +0.255       +0.452    -0.001     -0.174        +0.272   -0.003   -0.028
#                          :     muoVMuonHitComb:  +0.146  +0.015      +0.345    -0.284    -0.073              +0.000      +0.021  +0.041     +0.006              +0.345              +0.024       -0.345       -0.001        +0.169          +1.000            -0.444        -0.006           +0.063        +0.093       +0.068    -0.004     +0.758        +0.615   +0.257   -0.036
#                          :   muoGlbDeltaEtaPhi:  -0.314  -0.003      -0.354    +0.210    +0.290              +0.022      -0.026  -0.108     -0.001              +0.061              -0.002       +0.216       +0.004        -0.161          -0.444            +1.000        +0.001           -0.059        -0.101       -0.126    +0.005     -0.343        -0.425   -0.168   +0.043
#                          :       muoStaRelChi2:  +0.010  +0.000      -0.003    +0.036    +0.029              +0.485      +0.001  -0.001     +0.000              +0.018              +0.022       -0.009       -0.000        +0.006          -0.006            +0.001        +1.000           +0.000        +0.003       +0.001    +0.001     -0.007        +0.001   -0.010   +0.001
#                          :    muoTimeAtIpInOut:  +0.018  -0.002      +0.038    +0.015    +0.001              +0.004      +0.010  +0.038     +0.009              -0.001              +0.065       +0.014       -0.005        +0.086          +0.063            -0.059        +0.000           +1.000        +0.042       +0.054    +0.000     -0.018        +0.101   -0.020   -0.007
#                          :       muoValPixHits:  -0.137  -0.043      +0.091    -0.028    -0.031              +0.011      +0.194  +0.516     +0.068              +0.013              +0.197       -0.024       -0.048        +0.255          +0.093            -0.101        +0.003           +0.042        +1.000       +0.637    -0.002     -0.143        +0.215   -0.003   -0.025
#                          :        muoNTrkVHits:  -0.159  +0.000      +0.077    -0.049    -0.033              +0.011      +0.252  +0.865     +0.098              +0.013              +0.188       -0.003       -0.033        +0.452          +0.068            -0.126        +0.001           +0.054        +0.637       +1.000    -0.002     -0.175        +0.177   +0.035   -0.019
#                          :           muoGNchi2:  -0.002  +0.001      -0.002    +0.002    +0.001              +0.003      -0.003  -0.002     -0.000              +0.001              +0.001       -0.000       +0.000        -0.001          -0.004            +0.005        +0.001           +0.000        -0.002       -0.002    +1.000     -0.003        -0.003   -0.002   +0.002
#                          :          muoVMuHits:  +0.276  +0.011      +0.236    -0.248    -0.044              -0.001      -0.025  -0.116     -0.035              +0.255              -0.330       -0.283       +0.030        -0.174          +0.758            -0.343        -0.007           -0.018        -0.143       -0.175    -0.003     +1.000        +0.368   +0.236   -0.011
#                          :       muoNumMatches:  +0.116  +0.021      +0.708    -0.096    -0.074              +0.003      +0.047  +0.121     +0.018              +0.079              +0.073       -0.153       -0.019        +0.272          +0.615            -0.425        +0.001           +0.101        +0.215       +0.177    -0.003     +0.368        +1.000   +0.085   -0.048
#                          :            muoQprod:  +0.057  +0.002      +0.068    -0.368    -0.041              -0.016      -0.005  +0.059     -0.003              +0.075              -0.077       -0.191       +0.003        -0.003          +0.257            -0.168        -0.010           -0.020        -0.003       +0.035    -0.002     +0.236        +0.085   +1.000   -0.008
#                          :            muoPFiso:  -0.041  +0.001      -0.031    +0.014    +0.009              +0.003      -0.013  -0.008     +0.002              +0.015              -0.015       +0.017       +0.006        -0.028          -0.036            +0.043        +0.001           -0.007        -0.025       -0.019    +0.002     -0.011        -0.048   -0.008   +1.000
#                          : --------------------------------------------------------------------------------------------------------------------------------------------------------------------------------------------------------------------------------------------------------------------------------------------------------------------------------------------------------
# DataSetInfo              : Correlation matrix (Background):
#                          : --------------------------------------------------------------------------------------------------------------------------------------------------------------------------------------------------------------------------------------------------------------------------------------------------------------------------------------------------------
#                          :                        muoPt  muoEta muoSegmComp muoChi2LM muoChi2LP muoGlbTrackTailProb muoIValFrac  muoLWH muoTrkKink muoGlbKinkFinderLOG muoTimeAtIpInOutErr muoOuterChi2 muoInnerChi2 muoTrkRelChi2 muoVMuonHitComb muoGlbDeltaEtaPhi muoStaRelChi2 muoTimeAtIpInOut muoValPixHits muoNTrkVHits muoGNchi2 muoVMuHits muoNumMatches muoQprod muoPFiso
#                          :               muoPt:  +1.000  -0.004      -0.052    +0.145    +0.184              +0.126      -0.002  -0.098     -0.018              -0.108              -0.081       -0.042       +0.033        -0.034          +0.089            -0.171        +0.095           -0.022        -0.097       -0.148    +0.001     +0.193        +0.006   +0.014   +0.010
#                          :              muoEta:  -0.004  +1.000      +0.003    +0.005    +0.006              +0.004      +0.006  +0.004     -0.002              -0.000              -0.006       +0.002       -0.002        +0.006          +0.006            +0.003        +0.002           -0.002        -0.030       +0.011    +0.001     +0.004        +0.010   +0.001   -0.001
#                          :         muoSegmComp:  -0.052  +0.003      +1.000    -0.307    -0.280              -0.169      +0.009  +0.004     +0.107              +0.052              +0.091       -0.194       +0.111        +0.077          +0.386            -0.433        -0.084           -0.003        -0.097       +0.016    +0.001     +0.348        +0.800   +0.259   +0.042
#                          :           muoChi2LM:  +0.145  +0.005      -0.307    +1.000    +0.593              +0.629      +0.018  +0.034     -0.058              +0.066              -0.022       +0.114       -0.065        -0.003          -0.114            +0.333        +0.261           +0.050        +0.097       +0.029    -0.000     -0.123        -0.232   -0.452   -0.058
#                          :           muoChi2LP:  +0.184  +0.006      -0.280    +0.593    +1.000              +0.452      +0.004  +0.025     -0.042              +0.064              -0.018       +0.061       -0.049        +0.012          -0.050            +0.431        +0.177           +0.043        +0.082       +0.025    -0.001     -0.062        -0.196   -0.173   -0.051
#                          : muoGlbTrackTailProb:  +0.126  +0.004      -0.169    +0.629    +0.452              +1.000      +0.010  +0.034     +0.041              +0.187              +0.070       -0.043       +0.031        +0.078          +0.052            +0.179        +0.437           +0.042        +0.074       +0.041    -0.000     +0.033        -0.113   -0.236   -0.043
#                          :         muoIValFrac:  -0.002  +0.006      +0.009    +0.018    +0.004              +0.010      +1.000  +0.733     +0.082              -0.028              -0.005       +0.019       +0.021        +0.071          -0.008            +0.007        +0.005           -0.001        +0.294       +0.626    -0.003     -0.026        +0.026   -0.018   -0.063
#                          :              muoLWH:  -0.098  +0.004      +0.004    +0.034    +0.025              +0.034      +0.733  +1.000     +0.185              -0.009              +0.015       +0.028       +0.075        +0.239          -0.002            -0.001        +0.009           +0.014        +0.484       +0.902    -0.003     -0.082        +0.060   -0.027   -0.080
#                          :          muoTrkKink:  -0.018  -0.002      +0.107    -0.058    -0.042              +0.041      +0.082  +0.185     +1.000              +0.031              +0.054       -0.035       +0.826        +0.545          +0.093            -0.116        -0.013           +0.007        +0.124       +0.184    -0.000     +0.028        +0.141   +0.055   +0.004
#                          : muoGlbKinkFinderLOG:  -0.108  -0.000      +0.052    +0.066    +0.064              +0.187      -0.028  -0.009     +0.031              +1.000              +0.556       -0.421       +0.036        +0.081          +0.555            +0.079        +0.060           +0.033        +0.020       +0.008    -0.008     +0.465        +0.106   +0.040   +0.001
#                          : muoTimeAtIpInOutErr:  -0.081  -0.006      +0.091    -0.022    -0.018              +0.070      -0.005  +0.015     +0.054              +0.556              +1.000       -0.406       +0.036        +0.145          +0.290            -0.039        +0.078           -0.033        +0.053       +0.043    -0.005     +0.121        +0.125   +0.013   +0.008
#                          :        muoOuterChi2:  -0.042  +0.002      -0.194    +0.114    +0.061              -0.043      +0.019  +0.028     -0.035              -0.421              -0.406       +1.000       -0.045        -0.035          -0.438            +0.150        -0.022           +0.001        +0.036       +0.021    -0.001     -0.404        -0.211   -0.160   -0.035
#                          :        muoInnerChi2:  +0.033  -0.002      +0.111    -0.065    -0.049              +0.031      +0.021  +0.075     +0.826              +0.036              +0.036       -0.045       +1.000        +0.568          +0.096            -0.125        -0.015           +0.002        +0.028       +0.053    +0.005     +0.071        +0.125   +0.071   +0.019
#                          :       muoTrkRelChi2:  -0.034  +0.006      +0.077    -0.003    +0.012              +0.078      +0.071  +0.239     +0.545              +0.081              +0.145       -0.035       +0.568        +1.000          +0.144            -0.112        +0.012           +0.037        +0.148       +0.335    -0.004     -0.035        +0.207   -0.008   -0.027
#                          :     muoVMuonHitComb:  +0.089  +0.006      +0.386    -0.114    -0.050              +0.052      -0.008  -0.002     +0.093              +0.555              +0.290       -0.438       +0.096        +0.144          +1.000            -0.299        -0.029           +0.095        -0.016       +0.020    -0.005     +0.886        +0.524   +0.246   +0.026
#                          :   muoGlbDeltaEtaPhi:  -0.171  +0.003      -0.433    +0.333    +0.431              +0.179      +0.007  -0.001     -0.116              +0.079              -0.039       +0.150       -0.125        -0.112          -0.299            +1.000        +0.058           -0.005        +0.131       -0.013    -0.002     -0.292        -0.432   -0.249   -0.084
#                          :       muoStaRelChi2:  +0.095  +0.002      -0.084    +0.261    +0.177              +0.437      +0.005  +0.009     -0.013              +0.060              +0.078       -0.022       -0.015        +0.012          -0.029            +0.058        +1.000           +0.012        +0.024       +0.010    -0.000     -0.033        -0.064   -0.086   -0.017
#                          :    muoTimeAtIpInOut:  -0.022  -0.002      -0.003    +0.050    +0.043              +0.042      -0.001  +0.014     +0.007              +0.033              -0.033       +0.001       +0.002        +0.037          +0.095            -0.005        +0.012           +1.000        +0.026       +0.027    -0.000     +0.060        +0.040   -0.016   -0.010
#                          :       muoValPixHits:  -0.097  -0.030      -0.097    +0.097    +0.082              +0.074      +0.294  +0.484     +0.124              +0.020              +0.053       +0.036       +0.028        +0.148          -0.016            +0.131        +0.024           +0.026        +1.000       +0.516    -0.004     -0.130        +0.031   -0.128   -0.136
#                          :        muoNTrkVHits:  -0.148  +0.011      +0.016    +0.029    +0.025              +0.041      +0.626  +0.902     +0.184              +0.008              +0.043       +0.021       +0.053        +0.335          +0.020            -0.013        +0.010           +0.027        +0.516       +1.000    -0.004     -0.099        +0.101   -0.044   -0.081
#                          :           muoGNchi2:  +0.001  +0.001      +0.001    -0.000    -0.001              -0.000      -0.003  -0.003     -0.000              -0.008              -0.005       -0.001       +0.005        -0.004          -0.005            -0.002        -0.000           -0.000        -0.004       -0.004    +1.000     -0.004        -0.000   +0.001   +0.002
#                          :          muoVMuHits:  +0.193  +0.004      +0.348    -0.123    -0.062              +0.033      -0.026  -0.082     +0.028              +0.465              +0.121       -0.404       +0.071        -0.035          +0.886            -0.292        -0.033           +0.060        -0.130       -0.099    -0.004     +1.000        +0.422   +0.261   +0.052
